Forks
DSC02105.JPG
#2 1.47 2.07 0.09 0.07 0.01 0.10 -0.00

#5 1.51 2.21 0.14 0.12 0.02 0.18 0.00

DSC02138.png
#4 1.46 2.06 0.06 0.05 0.00 0.07 -0.00 0.00
#5 1.49 2.15 0.08 0.06 0.00 0.09 0.00 -0.00
#7 1.64 2.59 0.01 0.00 0.00 0.00 -0.00 0.00

Spoons
DSC02105.JPG
#3 1.09 1.10 0.54 0.47 0.24 0.50 -0.00

#4 1.02 0.95 0.47 0.41 0.18 0.40 0.00

DSC02138.png
#6 1.10 1.12 0.54 0.48 0.24 0.50 -0.00 -0.00

Knife
DSC02105.JPG
#1 1.25 1.52 0.07 0.07 0.01 0.09 -0.00

DSC02138.png
#1 1.26 1.55 0.07 0.07 0.01 0.09 0.00 0.00
#2 1.47 2.13 0.20 0.18 0.04 0.27 0.00 -0.01

Small Blob Upper Left
DSC02105.JPG
#0 0.28 0.04 0.01 0.00 0.00 0.00 -0.00

Flat Blob Bottom
DSC02105.JPG
#6 2.21 4.83 1.76 1.72 2.99 3.78 -0.00
